544.265346 
544.265346 
544.265346 
544.265346 
544.265346 
544.265346 
544.265346 
544.265346 
544.265346 
544.265346 
544.265346 
544.265346 
544.265346 
544.265346 
544.265346 
544.265346 
544.265346 
544.265346 
544.265346 
544.265346 
544.265346 
544.265346 
544.265346 
544.265346 
544.265346 
544.265346 
544.265346 
544.265346 
544.265346 
544.265346 
544.265346 
544.265346 
544.265346 
544.265346 
544.265346 
544.265346 
544.265346 
544.265346 
544.265346 
544.265346 
544.265346 
544.265346 
544.265346 
544.265346 
544.265346 
544.265346 
544.265346 
544.265346 
544.265346 
544.265346 
544.265346 
544.265346 
544.265346 
544.265346 
544.265346 
544.265346 
544.265346 
544.265346 
544.265346 
544.265346 
544.265346 
544.265346 
544.265346 
544.265346 
544.265346 
544.265346 
544.265346 
544.265346 
544.265346 
544.265346 
544.265346 
544.265346 
544.265346 
544.265346 
544.265346 
544.265346 
544.265346 
544.265346 
544.265346 
544.265346 
544.265346 
544.265346 
544.265346 
544.265346 
544.265346 
544.265346 
544.265346 
544.265346 
544.265346 
544.265346 
544.265346 
544.265346 
544.265346 
544.265346 
544.265346 
544.265346 
544.265346 
544.265346 
544.265346 
544.265346 
544.265346 
544.265346 
544.265346 
544.265346 
544.265346 
544.265346 
544.265346 
544.265346 
544.265346 
544.265346 
544.265346 
544.265346 
544.265346 
544.265346 
544.265346 
544.265346 
544.265346 
544.265346 
544.265346 
544.265346 
544.265346 
544.265346 
544.265346 
544.265346 
544.265346 
544.265346 
544.265346 
544.265346 
544.265346 
544.265346 
544.265346 
544.265346 
544.265346 
544.265346 
544.265346 
544.265346 
544.265346 
544.265346 
544.265346 
544.265346 
544.265346 
544.265346 
544.265346 
544.265346 
544.265346 
544.265346 
544.265346 
544.265346 
544.265346 
544.265346 
544.265346 
544.265346 
544.265346 
544.265346 
544.265346 
544.265346 
544.265346 
544.265346 
544.265346 
544.265346 
544.265346 
544.265346 
544.265346 
544.265346 
544.265346 
544.265346 
544.265346 
544.265346 
544.265346 
544.265346 
544.265346 
544.265346 
544.265346 
544.265346 
544.265346 
544.265346 
544.265346 
544.265346 
544.265346 
544.265346 
544.265346 
544.265346 
544.404308 
544.829374 
545.540544 
546.537817 
547.821195 
549.390676 
551.246260 
553.387949 
555.815741 
558.529638 
561.529637 
564.529637 
567.529637 
570.529637 
573.529637 
576.529637 
579.529637 
582.529637 
585.529637 
588.529637 
591.529637 
594.529637 
597.529637 
600.529637 
603.529637 
606.529637 
609.529637 
612.529637 
615.529637 
618.529637 
621.529637 
624.529637 
627.529637 
630.529637 
633.529637 
636.529637 
639.529637 
642.529637 
645.529637 
648.529637 
651.529637 
654.529637 
657.529637 
660.529637 
663.529637 
666.529637 
669.529637 
672.529637 
675.529637 
678.529637 
681.529637 
684.529637 
687.529637 
690.529637 
693.529637 
696.529637 
699.529637 
702.529637 
705.529637 
708.529637 
711.529637 
714.529637 
717.529637 
720.529637 
723.529637 
726.529637 
729.529637 
732.529637 
735.529637 
738.529637 
741.529637 
744.529637 
747.529637 
750.529637 
753.529637 
756.529637 
759.529637 
762.529637 
765.529637 
768.529637 
771.529637 
774.529637 
777.529637 
780.529637 
783.529637 
786.431674 
788.970956 
791.147484 
792.961257 
794.412275 
795.500539 
796.226048 
796.588803 
796.588803 
796.588803 
796.588803 
796.588803 
796.588803 
796.588803 
796.588803 
796.588803 
796.588803 
796.588803 
796.588803 
796.588803 
796.588803 
796.588803 
796.588803 
796.588803 
796.588803 
796.588803 
796.588803 
796.588803 
796.588803 
796.588803 
796.588803 
796.588803 
796.588803 
796.588803 
796.588803 
796.588803 
796.588803 
796.588803 
796.588803 
796.588803 
796.588803 
796.588803 
796.588803 
796.588803 
796.588803 
796.588803 
796.588803 
796.588803 
796.588803 
796.588803 
796.588803 
796.588803 
796.588803 
796.588803 
796.588803 
796.588803 
796.588803 
796.588803 
796.588803 
796.588803 
796.588803 
796.588803 
796.588803 
796.588803 
796.588803 
796.588803 
796.588803 
796.588803 
796.588803 
796.588803 
796.588803 
796.588803 
796.588803 
796.588803 
796.588803 
796.588803 
796.588803 
796.588803 
796.588803 
796.588803 
796.588803 
796.588803 
796.588803 
796.588803 
796.588803 
796.588803 
796.588803 
796.588803 
796.588803 
796.588803 
796.588803 
796.588803 
796.588803 
796.588803 
796.588803 
796.588803 
796.588803 
796.588803 
796.588803 
796.588803 
796.588803 
796.588803 
796.588803 
796.588803 
796.588803 
796.588803 
796.588803 
796.588803 
796.588803 
796.588803 
796.588803 
796.588803 
796.588803 
796.588803 
796.588803 
796.588803 
796.588803 
796.588803 
796.588803 
796.588803 
796.588803 
796.588803 
796.588803 
796.588803 
796.588803 
796.588803 
796.588803 
796.588803 
796.588803 
796.588803 
796.588803 
796.588803 
796.588803 
796.588803 
796.588803 
796.588803 
796.588803 
796.588803 
796.588803 
796.588803 
796.588803 
796.588803 
796.588803 
796.588803 
796.588803 
796.588803 
796.588803 
796.588803 
796.588803 
796.588803 
796.588803 
796.588803 
796.588803 
796.588803 
796.588803 
796.588803 
796.588803 
796.588803 
796.588803 
796.588803 
796.588803 
796.588803 
796.588803 
796.588803 
796.588803 
796.588803 
796.588803 
796.588803 
796.588803 
796.588803 
796.588803 
796.588803 
796.588803 
796.588803 
796.588803 
796.588803 
796.588803 
796.588803 
796.588803 
796.588803 
796.588803 
796.588803 
796.588803 
796.588803 
796.588802 
796.588802 
796.588802 
796.588802 
796.588802 
796.588802 
796.588802 
796.588802 
796.588802 
796.588802 
796.588802 
796.588802 
796.588802 
796.588802 
796.588802 
796.588802 
796.588802 
796.588802 
796.588802 
796.588802 
796.588802 
796.588802 
796.588802 
796.588802 
796.588802 
796.588802 
796.588802 
796.588802 
796.588802 
796.588802 
796.588802 
796.588802 
796.588802 
796.588802 
796.588802 
796.588802 
796.588802 
796.588802 
796.588802 
796.588802 
796.588802 
796.588802 
796.588802 
796.588802 
796.588802 
796.588802 
796.588802 
796.588802 
796.442725 
796.092797 
795.539016 
794.781384 
793.819901 
792.654566 
791.285379 
789.712340 
787.935450 
785.954708 
783.770115 
781.381670 
778.789373 
775.993225 
772.993225 
769.993225 
766.993225 
763.993225 
760.993225 
757.993225 
754.993225 
751.993225 
748.993225 
745.993225 
743.283056 
740.862718 
738.732211 
736.891536 
735.340691 
734.079678 
733.108496 
732.427144 
732.035624 
731.933935 
731.846773 
731.774138 
731.716030 
731.672449 
731.643395 
731.628868 
731.628868 
731.628868 
731.628868 
731.628868 
731.628868 
731.628868 
731.628868 
731.628868 
731.628868 
731.628868 
731.628868 
731.628868 
731.628868 
731.628868 
731.628868 
731.628868 
731.628868 
731.628868 
731.628868 
731.628868 
731.628868 
731.628868 
731.628868 
731.628868 
731.628868 
731.628868 
731.628868 
731.628868 
731.628868 
731.628868 
731.628868 
731.628868 
731.628868 
731.628868 
731.628868 
731.628868 
731.628868 
731.628868 
731.628868 
731.628868 
731.628868 
731.628868 
731.628868 
731.628868 
731.628868 
731.628868 
731.628868 
731.628868 
731.628868 
731.628868 
731.628868 
731.628868 
731.628868 
731.628868 
731.628868 
731.628868 
731.628868 
731.628868 
731.628868 
731.628868 
731.628868 
731.628868 
731.628868 
731.628868 
731.628868 
731.628868 
731.628868 
731.628868 
731.628868 
731.628868 
731.628868 
731.628868 
731.628868 
731.628868 
731.628868 
731.628868 
731.628868 
731.628868 
731.628868 
731.628868 
731.628868 
731.628868 
731.628868 
731.628868 
731.628868 
731.628868 
731.628868 
731.628868 
731.628868 
731.628868 
731.628868 
731.628868 
731.628868 
731.628868 
731.628868 
731.628868 
731.628868 
731.628868 
731.628868 
731.628868 
731.628868 
731.628868 
731.628868 
731.628868 
731.628868 
731.628868 
731.628868 
731.628868 
731.628868 
731.628868 
731.628868 
731.628868 
731.628868 
731.628868 
731.628868 
731.628868 
731.628868 
731.628868 
731.628868 
731.628868 
731.628868 
731.628868 
731.628868 
731.628868 
731.628868 
731.628868 
731.628868 
731.628868 
731.628868 
731.628868 
731.628868 
731.628868 
731.628868 
731.628868 
731.628868 
731.628868 
731.628868 
731.628868 
731.628868 
731.628868 
731.628868 
731.628868 
731.628868 
731.628868 
731.628868 
731.628868 
731.628868 
731.628868 
731.628868 
731.628868 
731.628868 
731.628868 
731.628868 
731.628868 
731.628868 
731.628868 
731.628868 
731.628868 
731.628868 
731.628868 
731.628868 
731.628868 
731.628868 
731.628868 
731.628868 
731.628868 
731.628868 
731.628868 
731.628868 
731.628868 
731.628868 
731.628868 
731.628868 
731.628868 
731.628868 
731.628868 
731.628868 
731.628868 
731.628868 
731.628868 
731.628868 
731.628868 
731.792282 
732.119108 
732.609348 
733.263001 
734.080067 
735.060547 
736.204439 
737.511746 
738.982465 
740.616599 
742.414145 
744.375105 
746.499479 
748.787265 
751.075053 
753.362840 
755.650627 
757.938414 
760.226201 
762.513988 
764.801775 
767.045568 
769.245367 
771.401171 
773.512981 
775.580797 
777.604618 
779.584445 
781.520276 
783.412113 
785.259955 
787.063801 
788.823652 
790.539508 
792.211368 
793.839233 
795.423102 
796.962975 
798.458853 
799.910734 
801.318620 
802.682509 
804.002403 
805.278300 
806.510201 
807.698107 
808.842016 
809.941929 
810.997845 
812.009766 
812.977690 
813.901618 
814.781549 
815.617485 
816.409424 
817.157366 
817.861312 
818.521262 
819.137215 
819.709172 
820.237133 
820.721097 
821.161065 
821.557036 
821.909011 
822.216989 
822.480971 
822.700956 
822.876945 
823.008937 
823.096933 
823.140933 
823.140937 
823.140940 
823.140942 
823.140943 
823.140945 
823.140945 
823.140946 
823.140947 
823.140947 
823.140947 
823.140948 
823.140948 
823.140948 
823.140948 
823.140948 
823.140948 
823.140948 
823.140949 
823.140949 
823.140949 
823.140949 
823.140949 
823.140949 
823.140949 
823.140949 
823.140949 
823.140949 
823.140949 
823.140949 
823.140949 
823.140949 
823.140949 
823.140949 
823.140949 
823.140949 
823.140949 
823.140949 
823.140949 
823.140949 
823.140949 
823.140949 
823.140949 
823.140949 
823.140949 
823.140949 
823.140949 
823.140949 
823.140949 
823.140949 
823.140949 
823.140949 
823.140949 
823.140949 
823.140949 
823.140949 
823.140949 
823.140949 
823.140949 
823.140949 
823.140949 
823.140949 
823.140949 
823.140949 
823.140949 
823.140949 
823.140949 
823.140949 
823.140949 
823.140949 
823.140949 
823.140949 
823.140949 
823.140949 
823.140949 
823.140949 
823.140949 
823.140949 
823.140949 
823.140949 
823.140949 
823.140949 
823.140949 
823.140949 
823.140949 
823.140949 
823.140949 
823.140949 
823.140949 
823.140949 
823.140949 
823.140949 
823.140949 
823.140949 
823.140949 
823.140949 
823.140949 
823.140949 
823.140949 
823.140949 
823.140949 
823.140949 
823.140949 
823.140949 
823.140949 
823.140949 
823.140949 
823.140949 
823.140949 
823.140949 
823.140949 
823.140949 
823.140949 
823.140949 
823.140949 
823.140949 
823.140949 
823.140949 
823.140949 
823.140949 
823.140949 
823.140949 
823.140949 
823.140949 
823.140949 
823.140949 
823.140949 
823.140949 
823.140949 
823.140949 
823.140949 
823.140949 
823.140949 
823.140949 
823.140949 
823.140949 
823.140949 
823.140949 
823.140949 
823.140949 
823.140949 
823.140949 
823.140949 
823.140949 
823.140949 
823.140949 
823.140949 
823.140949 
823.140949 
823.140949 
823.140949 
823.140949 
823.140949 
823.140949 
823.140949 
823.140949 
823.140949 
823.140949 
823.140949 
823.140949 
823.140949 
823.140949 
823.140949 
823.140949 
823.140949 
823.140949 
823.140949 
823.140949 
823.140949 
823.140949 
823.140949 
823.140949 
823.140949 
823.140949 
823.140949 
823.140949 
823.140949 
823.140949 
823.140949 
823.140949 
823.140949 
823.140949 
823.140949 
823.140949 
823.140949 
823.140949 
823.140949 
823.140949 
823.140949 
823.140949 
823.140949 
823.140949 
823.140949 
823.140949 
823.140949 
823.140949 
823.140949 
823.140949 
823.140949 
823.140949 
823.140949 
823.140949 
823.140949 
823.140949 
823.140949 
823.140949 
823.140949 
823.140949 
823.140949 
823.140949 
823.140949 
823.140949 
823.140949 
823.140949 
823.140949 
823.140949 
823.140949 
823.140949 
823.140949 
823.140949 
823.140949 
823.140949 
823.140949 
823.140949 
823.140949 
823.140949 
823.140949 
823.140949 
823.140949 
823.140949 
823.140949 
823.140949 
823.140949 
823.140949 
823.140949 
823.140949 
823.140949 
823.140949 
823.140949 
823.140949 
823.140949 
823.140949 
823.140949 
823.140949 
823.140949 
823.140949 
823.140949 
823.140949 
823.140949 
823.140949 
823.140949 
823.140949 
823.140949 
823.140949 
823.140949 
823.140949 
823.140949 
823.140949 
823.140949 
823.140949 
823.140949 
823.140949 
823.140949 
823.140949 
823.140949 
823.140949 
823.140949 
823.140949 
823.140949 
823.140949 
823.140949 
823.140949 
823.140949 
823.140949 
823.140949 
823.140949 
823.140949 
823.140949 
823.140949 
823.140949 
823.140949 
823.140949 
823.140949 
823.140949 
823.140949 
823.140949 
823.140949 
823.140949 
823.140949 
823.140949 
823.140949 
823.140949 
823.140949 
823.140949 
823.140949 
823.140949 
823.140949 
823.140949 
823.140949 
823.140949 
823.140949 
823.140949 
