529,37,368,276
529,37,368,276
529,37,368,276
529,37,368,276
529,37,368,276
529,37,368,276
529,37,368,276
529,37,368,276
529,37,368,276
529,37,368,276
529,37,368,276
529,37,368,276
529,37,368,276
529,37,368,276
529,37,368,276
529,37,368,276
529,37,368,276
529,37,368,276
529,37,368,276
529,37,368,276
529,37,368,276
529,37,368,276
529,37,368,276
529,37,368,276
529,37,368,276
529,37,368,276
529,37,368,276
529,37,368,276
529,37,368,276
529,37,368,276
529,37,368,276
529,37,368,276
529,37,368,276
529,37,368,276
529,37,368,276
529,37,368,276
529,37,368,276
529,37,368,276
529,37,368,276
529,37,368,276
529,37,368,276
529,37,368,276
529,37,368,276
529,37,368,276
529,37,368,276
529,37,368,276
529,37,368,276
529,37,368,276
529,37,368,276
529,37,368,276
529,37,368,276
529,37,368,276
529,37,368,276
529,37,368,276
529,37,368,276
529,37,368,276
262,53,326,244
262,53,326,244
262,53,326,244
262,53,326,244
262,53,326,244
262,53,326,244
262,53,326,244
262,53,326,244
262,53,326,244
262,53,326,244
262,53,326,244
262,53,326,244
262,53,326,244
262,53,326,244
262,53,326,244
262,53,326,244
262,53,326,244
262,53,326,244
262,53,326,244
262,53,326,244
262,53,326,244
262,53,326,244
262,53,326,244
262,53,326,244
262,53,326,244
262,53,326,244
262,53,326,244
262,53,326,244
262,53,326,244
262,53,326,244
262,53,326,244
262,53,326,244
262,53,326,244
262,53,326,244
262,53,326,244
262,53,326,244
262,53,326,244
262,53,326,244
262,53,326,244
262,53,326,244
262,53,326,244
262,53,326,244
262,53,326,244
262,53,326,244
262,53,326,244
262,53,326,244
262,53,326,244
262,53,326,244
262,53,326,244
262,53,326,244
262,53,326,244
262,53,326,244
262,53,326,244
262,53,326,244
262,53,326,244
262,53,326,244
262,53,326,244
262,53,326,244
262,53,326,244
262,53,326,244
262,53,326,244
262,53,326,244
262,53,326,244
262,53,326,244
262,53,326,244
262,53,326,244
262,53,326,244
262,53,326,244
262,53,326,244
262,53,326,244
262,53,326,244
262,53,326,244
262,53,326,244
262,53,326,244
262,53,326,244
262,53,326,244
262,53,326,244
262,53,326,244
262,53,326,244
262,53,326,244
262,53,326,244
262,53,326,244
262,53,326,244
262,53,326,244
262,53,326,244
262,53,326,244
262,53,326,244
262,53,326,244
262,53,326,244
262,53,326,244
262,53,326,244
262,53,326,244
262,53,326,244
262,53,326,244
262,53,326,244
262,53,326,244
262,53,326,244
262,53,326,244
262,53,326,244
262,53,326,244
262,53,326,244
262,53,326,244
262,53,326,244
262,53,326,244
262,53,326,244
262,53,326,244
262,53,326,244
262,53,326,244
262,53,326,244
262,53,326,244
262,53,326,244
262,53,326,244
262,53,326,244
262,53,326,244
262,53,326,244
262,53,326,244
262,53,326,244
262,53,326,244
262,53,326,244
262,53,326,244
262,53,326,244
262,53,326,244
262,53,326,244
262,53,326,244
262,53,326,244
262,53,326,244
262,53,326,244
262,53,326,244
262,53,326,244
262,53,326,244
262,53,326,244
262,53,326,244
262,53,326,244
262,53,326,244
262,53,326,244
262,53,326,244
262,53,326,244
262,53,326,244
262,53,326,244
262,53,326,244
262,53,326,244
262,53,326,244
262,53,326,244
262,53,326,244
262,53,326,244
262,53,326,244
262,53,326,244
262,53,326,244
262,53,326,244
262,53,326,244
262,53,326,244
262,53,326,244
262,53,326,244
709,51,330,248
709,51,330,248
709,51,330,248
709,51,330,248
709,51,330,248
709,51,330,248
709,51,330,248
709,51,330,248
709,51,330,248
709,51,330,248
709,51,330,248
709,51,330,248
709,51,330,248
709,51,330,248
709,51,330,248
709,51,330,248
709,51,330,248
709,51,330,248
709,51,330,248
709,51,330,248
709,51,330,248
709,51,330,248
709,51,330,248
709,51,330,248
709,51,330,248
709,51,330,248
709,51,330,248
709,51,330,248
709,51,330,248
709,51,330,248
709,51,330,248
709,51,330,248
709,51,330,248
709,51,330,248
709,51,330,248
709,51,330,248
709,51,330,248
709,51,330,248
709,51,330,248
709,51,330,248
709,51,330,248
709,51,330,248
709,51,330,248
709,51,330,248
709,51,330,248
709,51,330,248
709,51,330,248
709,51,330,248
709,51,330,248
709,51,330,248
709,51,330,248
709,51,330,248
709,51,330,248
709,51,330,248
709,51,330,248
709,51,330,248
709,51,330,248
709,51,330,248
709,51,330,248
709,51,330,248
709,51,330,248
709,51,330,248
709,51,330,248
709,51,330,248
709,51,330,248
709,51,330,248
709,51,330,248
709,51,330,248
709,51,330,248
709,51,330,248
709,51,330,248
709,51,330,248
709,51,330,248
709,51,330,248
709,51,330,248
709,51,330,248
709,51,330,248
709,51,330,248
709,51,330,248
709,51,330,248
709,51,330,248
709,51,330,248
709,51,330,248
709,51,330,248
709,51,330,248
709,51,330,248
709,51,330,248
709,51,330,248
709,51,330,248
709,51,330,248
709,51,330,248
709,51,330,248
709,51,330,248
709,51,330,248
709,51,330,248
709,51,330,248
709,51,330,248
709,51,330,248
709,51,330,248
709,51,330,248
709,51,330,248
709,51,330,248
709,51,330,248
709,51,330,248
709,51,330,248
709,51,330,248
709,51,330,248
709,51,330,248
709,51,330,248
709,51,330,248
709,51,330,248
709,51,330,248
709,51,330,248
708,51,332,248
708,51,332,248
708,51,332,248
708,51,332,248
708,51,332,248
708,50,332,250
708,50,332,250
707,50,334,250
707,50,334,250
707,50,334,250
706,49,336,252
706,49,336,252
705,48,338,254
704,48,340,254
703,47,342,256
701,46,346,258
700,44,348,262
698,43,352,264
696,42,356,266
694,40,360,270
692,39,364,272
690,37,368,276
689,36,370,278
688,35,372,280
687,34,374,282
686,34,376,282
685,33,378,284
685,33,378,284
684,33,380,284
684,33,380,284
684,33,380,284
684,33,380,284
684,33,380,284
684,33,380,284
684,33,380,284
684,33,380,284
684,33,380,284
684,33,380,284
684,33,380,284
684,33,380,284
684,33,380,284
684,33,380,284
684,33,380,284
684,33,380,284
684,33,380,284
684,33,380,284
684,33,380,284
684,33,380,284
684,33,380,284
684,33,380,284
684,33,380,284
684,33,380,284
684,33,380,284
684,33,380,284
684,33,380,284
684,33,380,284
684,33,380,284
684,33,380,284
684,33,380,284
684,33,380,284
684,33,380,284
684,33,380,284
684,33,380,284
684,33,380,284
684,33,380,284
684,33,380,284
684,33,380,284
684,33,380,284
684,33,380,284
684,33,380,284
684,33,380,284
684,33,380,284
684,33,380,284
684,33,380,284
684,33,380,284
684,33,380,284
684,33,380,284
684,33,380,284
684,33,380,284
684,33,380,284
684,33,380,284
684,33,380,284
684,33,380,284
684,33,380,284
684,33,380,284
684,33,380,284
684,33,380,284
684,33,380,284
684,33,380,284
684,33,380,284
684,33,380,284
684,33,380,284
684,33,380,284
684,33,380,284
684,33,380,284
684,33,380,284
684,33,380,284
684,33,380,284
684,33,380,284
684,33,380,284
684,33,380,284
684,33,380,284
684,33,380,284
684,33,380,284
684,33,380,284
684,33,380,284
684,33,380,284
684,33,380,284
684,33,380,284
684,33,380,284
684,33,380,284
684,33,380,284
684,33,380,284
684,33,380,284
684,33,380,284
684,33,380,284
684,33,380,284
684,33,380,284
684,33,380,284
684,33,380,284
684,33,380,284
684,33,380,284
684,33,380,284
684,33,380,284
684,33,380,284
684,33,380,284
684,33,380,284
684,33,380,284
684,33,380,284
684,33,380,284
684,33,380,284
684,33,380,284
684,33,380,284
684,33,380,284
684,33,380,284
684,33,380,284
684,33,380,284
684,33,380,284
684,33,380,284
684,33,380,284
684,33,380,284
684,33,380,284
684,33,380,284
684,33,380,284
684,33,380,284
684,33,380,284
684,33,380,284
684,33,380,284
684,33,380,284
684,33,380,284
684,33,380,284
684,33,380,284
684,33,380,284
684,33,380,284
684,33,380,284
684,33,380,284
684,33,380,284
684,33,380,284
684,33,380,284
684,33,380,284
684,33,380,284
684,33,380,284
684,33,380,284
684,33,380,284
684,33,380,284
684,33,380,284
684,33,380,284
684,33,380,284
684,33,380,284
684,33,380,284
684,33,380,284
684,33,380,284
684,33,380,284
684,33,380,284
684,33,380,284
684,33,380,284
684,33,380,284
684,33,380,284
684,33,380,284
684,33,380,284
684,33,380,284
684,33,380,284
684,33,380,284
684,33,380,284
684,33,380,284
684,33,380,284
684,33,380,284
684,33,380,284
684,33,380,284
684,33,380,284
684,33,380,284
684,33,380,284
684,33,380,284
684,33,380,284
684,33,380,284
684,33,380,284
684,33,380,284
684,33,380,284
684,33,380,284
684,33,380,284
684,33,380,284
684,33,380,284
684,33,380,284
684,33,380,284
547,51,332,248
547,51,332,248
547,51,332,248
547,51,332,248
547,51,332,248
547,51,332,248
547,51,332,248
547,51,332,248
547,51,332,248
547,51,332,248
547,51,332,248
547,51,332,248
547,51,332,248
547,51,332,248
547,51,332,248
547,51,332,248
547,51,332,248
547,51,332,248
547,51,332,248
547,51,332,248
547,51,332,248
547,51,332,248
547,51,332,248
547,51,332,248
547,51,332,248
547,51,332,248
547,51,332,248
547,51,332,248
547,51,332,248
547,51,332,248
547,51,332,248
547,51,332,248
547,51,332,248
547,51,332,248
547,51,332,248
547,51,332,248
547,51,332,248
547,51,332,248
547,51,332,248
547,51,332,248
547,51,332,248
547,51,332,248
547,51,332,248
547,51,332,248
547,51,332,248
547,51,332,248
547,51,332,248
547,51,332,248
547,51,332,248
547,51,332,248
547,51,332,248
547,51,332,248
547,51,332,248
547,51,332,248
547,51,332,248
547,51,332,248
547,51,332,248
547,51,332,248
547,51,332,248
547,51,332,248
547,51,332,248
547,51,332,248
547,51,332,248
547,51,332,248
547,51,332,248
547,51,332,248
547,51,332,248
547,51,332,248
547,51,332,248
547,51,332,248
547,51,332,248
547,51,332,248
547,51,332,248
547,51,332,248
547,51,332,248
547,51,332,248
547,51,332,248
547,51,332,248
547,51,332,248
547,51,332,248
547,51,332,248
547,51,332,248
547,51,332,248
547,51,332,248
547,51,332,248
547,51,332,248
547,51,332,248
548,51,332,248
548,51,332,248
548,51,332,248
548,51,332,248
548,51,332,248
548,51,332,248
548,51,332,248
548,51,332,248
548,51,332,248
548,51,332,248
548,51,332,248
548,51,332,248
549,51,332,248
549,51,332,248
549,51,332,248
549,51,332,248
549,51,332,248
549,51,332,248
549,51,332,248
549,51,332,248
550,51,332,248
550,51,332,248
550,51,332,248
550,51,332,248
550,51,332,248
550,51,332,248
550,51,332,248
551,51,332,248
551,51,332,248
551,51,332,248
551,51,332,248
551,51,332,248
552,51,332,248
552,51,332,248
552,51,332,248
552,51,332,248
552,51,332,248
552,51,332,248
553,51,332,248
553,51,332,248
553,51,332,248
553,51,332,248
554,51,332,248
554,51,332,248
554,51,332,248
554,51,332,248
554,51,332,248
555,51,332,248
555,51,332,248
555,51,332,248
555,51,332,248
556,51,332,248
556,51,332,248
556,51,332,248
556,51,332,248
557,51,332,248
557,51,332,248
557,51,332,248
558,51,332,248
558,51,332,248
559,51,330,248
559,51,330,248
560,51,330,248
560,51,330,248
560,51,330,248
561,51,330,248
561,51,330,248
561,51,330,248
562,51,330,248
562,51,330,248
562,51,330,248
563,51,330,248
563,51,330,248
563,51,330,248
564,51,330,248
564,51,330,248
564,51,330,248
565,51,330,248
565,51,330,248
565,51,330,248
566,51,330,248
566,51,330,248
566,51,330,248
567,51,330,248
567,51,330,248
567,51,330,248
568,51,330,248
568,51,330,248
569,51,330,248
569,51,330,248
569,51,330,248
570,51,330,248
570,51,330,248
570,51,330,248
571,51,330,248
571,51,330,248
572,51,330,248
572,51,330,248
572,51,330,248
573,51,330,248
573,51,330,248
573,51,330,248
574,51,330,248
574,51,330,248
575,51,330,248
575,51,330,248
575,51,330,248
576,51,330,248
576,51,330,248
576,51,330,248
577,51,330,248
577,51,330,248
577,51,330,248
578,51,330,248
578,51,330,248
579,51,330,248
579,51,330,248
579,51,330,248
580,51,330,248
580,51,330,248
580,51,330,248
581,51,330,248
581,51,330,248
582,51,330,248
582,51,330,248
582,51,330,248
583,51,330,248
583,51,330,248
583,51,330,248
584,51,330,248
584,51,330,248
585,51,330,248
585,51,330,248
585,51,330,248
586,51,330,248
586,51,330,248
586,51,330,248
587,51,330,248
587,51,330,248
588,51,330,248
588,51,330,248
588,51,330,248
589,51,330,248
589,51,330,248
589,51,330,248
590,51,330,248
590,51,330,248
590,51,330,248
591,51,330,248
591,51,330,248
592,51,330,248
592,51,330,248
592,51,330,248
593,51,330,248
593,51,330,248
593,51,330,248
594,51,330,248
594,51,330,248
595,51,330,248
595,51,330,248
595,51,330,248
596,51,330,248
596,51,330,248
596,51,330,248
597,51,330,248
597,51,330,248
598,51,330,248
598,51,330,248
598,51,330,248
599,51,330,248
599,51,330,248
599,51,330,248
600,51,330,248
600,51,330,248
600,51,330,248
601,51,330,248
601,51,330,248
602,51,330,248
602,51,330,248
602,51,330,248
603,51,330,248
603,51,330,248
603,51,330,248
604,51,330,248
604,51,330,248
605,51,330,248
605,51,330,248
605,51,330,248
606,51,330,248
606,51,330,248
606,51,330,248
607,51,330,248
607,51,330,248
608,51,330,248
608,51,330,248
608,51,330,248
609,51,330,248
609,51,330,248
609,51,330,248
610,51,330,248
610,51,330,248
610,51,330,248
610,51,330,248
611,51,330,248
611,51,330,248
611,51,330,248
611,51,330,248
612,51,330,248
612,51,330,248
612,51,330,248
612,51,330,248
612,51,330,248
612,51,330,248
613,51,330,248
613,51,330,248
613,51,330,248
613,51,330,248
613,51,330,248
613,51,330,248
613,51,330,248
613,51,330,248
613,51,330,248
613,51,330,248
613,51,330,248
613,51,330,248
613,51,330,248
613,51,330,248
613,51,330,248
613,51,330,248
613,51,330,248
613,51,330,248
613,51,330,248
613,51,330,248
613,52,330,246
613,52,330,246
613,52,330,246
613,52,330,246
613,52,330,246
613,52,330,246
613,52,330,246
613,52,330,246
614,52,328,246
614,52,328,246
614,52,328,246
614,52,328,246
614,52,328,246
614,52,328,246
614,52,328,246
614,52,328,246
614,52,328,246
614,52,328,246
614,52,328,246
614,52,328,246
614,52,328,246
614,52,328,246
614,52,328,246
614,52,328,246
614,52,328,246
614,52,328,246
614,52,328,246
614,52,328,246
614,52,328,246
614,52,328,246
614,52,328,246
614,52,328,246
614,52,328,246
614,52,328,246
614,52,328,246
614,52,328,246
614,52,328,246
614,52,328,246
614,52,328,246
614,52,328,246
614,52,328,246
614,52,328,246
614,52,328,246
614,52,328,246
614,52,328,246
614,52,328,246
614,52,328,246
614,52,328,246
614,52,328,246
614,52,328,246
614,52,328,246
614,52,328,246
614,52,328,246
614,52,328,246
614,52,328,246
614,52,328,246
614,52,328,246
614,52,328,246
614,52,328,246
614,52,328,246
614,52,328,246
614,52,328,246
614,52,328,246
614,52,328,246
614,52,328,246
614,52,328,246
614,52,328,246
614,52,328,246
614,52,328,246
614,52,328,246
614,52,328,246
614,52,328,246
614,52,328,246
614,52,328,246
614,52,328,246
614,52,328,246
614,52,328,246
614,52,328,246
614,52,328,246
614,52,328,246
614,52,328,246
614,52,328,246
614,52,328,246
614,52,328,246
614,52,328,246
614,52,328,246
614,52,328,246
614,52,328,246
614,52,328,246
614,52,328,246
614,52,328,246
614,52,328,246
614,52,328,246
614,52,328,246
614,52,328,246
614,52,328,246
614,52,328,246
614,52,328,246
614,52,328,246
614,52,328,246
614,52,328,246
614,52,328,246
614,52,328,246
614,52,328,246
614,52,328,246
614,52,328,246
614,52,328,246
614,52,328,246
614,52,328,246
614,52,328,246
614,52,328,246
614,52,328,246
614,52,328,246
614,52,328,246
614,52,328,246
614,52,328,246
614,52,328,246
614,52,328,246
614,52,328,246
614,52,328,246
614,52,328,246
614,52,328,246
614,52,328,246
614,52,328,246
614,52,328,246
614,52,328,246
614,52,328,246
614,52,328,246
614,52,328,246
614,52,328,246
614,52,328,246
614,52,328,246
614,52,328,246
614,52,328,246
614,52,328,246
614,52,328,246
614,52,328,246
614,52,328,246
614,52,328,246
614,52,328,246
614,52,328,246
614,52,328,246
614,52,328,246
614,52,328,246
614,52,328,246
614,52,328,246
614,52,328,246
614,52,328,246
614,52,328,246
614,52,328,246
614,52,328,246
614,52,328,246
614,52,328,246
614,52,328,246
614,52,328,246
614,52,328,246
614,52,328,246
614,52,328,246
614,52,328,246
614,52,328,246
614,52,328,246
614,52,328,246
614,52,328,246
614,52,328,246
614,52,328,246
614,52,328,246
614,52,328,246
614,52,328,246
614,52,328,246
614,52,328,246
614,52,328,246
614,52,328,246
614,52,328,246
614,52,328,246
614,52,328,246
614,52,328,246
614,52,328,246
614,52,328,246
614,52,328,246
614,52,328,246
614,52,328,246
614,52,328,246
614,52,328,246
614,52,328,246
614,52,328,246
614,52,328,246
614,52,328,246
614,52,328,246
614,52,328,246
614,52,328,246
614,52,328,246
614,52,328,246
614,52,328,246
614,52,328,246
614,52,328,246
614,52,328,246
614,52,328,246
614,52,328,246
614,52,328,246
614,52,328,246
614,52,328,246
614,52,328,246
614,52,328,246
614,52,328,246
614,52,328,246
614,52,328,246
614,52,328,246
614,52,328,246
614,52,328,246
614,52,328,246
614,52,328,246
614,52,328,246
614,52,328,246
614,52,328,246
614,52,328,246
614,52,328,246
614,52,328,246
614,52,328,246
614,52,328,246
614,52,328,246
614,52,328,246
614,52,328,246
614,52,328,246
614,52,328,246
614,52,328,246
614,52,328,246
614,52,328,246
614,52,328,246
614,52,328,246
614,52,328,246
614,52,328,246
614,52,328,246
614,52,328,246
614,52,328,246
614,52,328,246
614,52,328,246
614,52,328,246
614,52,328,246
614,52,328,246
614,52,328,246
614,52,328,246
614,52,328,246
614,52,328,246
614,52,328,246
614,52,328,246
614,52,328,246
614,52,328,246
614,52,328,246
