1 76 19 37 55
77 142 93 109 125
143 491 230 317 404
492 575 512 532 552
576 652 595 614 633
653 706 666 679 692
707 888 752 797 842
889 969 909 929 949
970 1067 994 1018 1042
1068 1111 1078 1088 1098
1112 1141 1119 1126 1133
1142 1160 1146 1150 1154
1161 1205 1172 1183 1194
1206 1256 1218 1230 1242
1257 1310 1270 1283 1296
1311 1370 1325 1339 1353
1371 1423 1384 1397 1410
1424 1528 1450 1476 1502
1529 1547 1533 1537 1541
1548 1573 1554 1560 1566
1574 1646 1592 1610 1628
1647 1716 1664 1681 1698
1717 1771 1730 1743 1756
1772 1881 1799 1826 1853
1882 1942 1897 1912 1927
1943 2085 1978 2013 2048
2086 2151 2102 2118 2134
2152 2213 2167 2182 2197
2214 2280 2230 2246 2262
2281 2406 2312 2343 2374
2407 2494 2428 2449 2470
2495 2543 2507 2519 2531
2544 2571 2550 2556 2562
2572 2614 2582 2592 2602
2615 2655 2625 2635 2645
2656 2682 2662 2668 2674
2683 2729 2694 2705 2716
2730 2776 2741 2752 2763
2777 2805 2784 2791 2798
2806 2873 2822 2838 2854
2874 2929 2887 2900 2913
2930 3007 2949 2968 2987
3008 3146 3042 3076 3110
3147 3192 3158 3169 3180
3193 3313 3223 3253 3283
3314 3351 3323 3332 3341
3352 3378 3358 3364 3370
3379 3426 3390 3401 3412
3427 3463 3436 3445 3454
3464 3504 3474 3484 3494
3505 3533 3512 3519 3526
3534 3565 3541 3548 3555
3566 3673 3592 3618 3644
3674 3714 3684 3694 3704
3715 3772 3729 3743 3757
3773 3819 3784 3795 3806
3820 3860 3830 3840 3850
3861 3978 3890 3919 3948
3979 4043 3995 4011 4027
4044 4163 4073 4102 4131
4164 4245 4184 4204 4224
4246 4275 4253 4260 4267
4276 4310 4284 4292 4300
4311 4344 4319 4327 4335
4345 4360 4348 4351 4354
4361 4392 4368 4375 4382
4393 4428 4401 4409 4417
4429 4446 4433 4437 4441
4447 4503 4461 4475 4489
4504 4577 4522 4540 4558
4578 4645 4594 4610 4626
4646 4744 4670 4694 4718
4745 4782 4754 4763 4772
4783 4880 4807 4831 4855
4881 4943 4896 4911 4926
4944 4975 4951 4958 4965
4976 4989 4979 4982 4985
4990 5036 5001 5012 5023
5037 5093 5051 5065 5079
5094 5126 5102 5110 5118
5127 5154 5133 5139 5145
5155 5170 5158 5161 5164
5171 5200 5178 5185 5192
5201 5245 5212 5223 5234
5246 5329 5266 5286 5306
5330 5391 5345 5360 5375
5392 5489 5416 5440 5464
5490 5529 5499 5508 5517
5530 5619 5552 5574 5596
5620 5653 5628 5636 5644
5654 5683 5661 5668 5675
5684 5743 5698 5712 5726
5744 5808 5760 5776 5792
5809 5855 5820 5831 5842
5856 5888 5864 5872 5880
5889 5927 5898 5907 5916
5928 5954 5934 5940 5946
5955 5978 5960 5965 5970
5979 6042 5994 6009 6024
6043 6056 6046 6049 6052
6057 6081 6063 6069 6075
6082 6110 6089 6096 6103
6111 6158 6122 6133 6144
6159 6193 6167 6175 6183
6194 6220 6200 6206 6212
6221 6261 6231 6241 6251
6262 6291 6269 6276 6283
6292 6313 6297 6302 6307
6314 6333 6318 6322 6326
6334 6367 6342 6350 6358
6368 6418 6380 6392 6404
6419 6436 6423 6427 6431
6437 6508 6454 6471 6488
6509 6601 6532 6555 6578
6602 6849 6663 6724 6785
6850 6908 6864 6878 6892
6909 6967 6923 6937 6951
6968 7004 6977 6986 6995
7005 7036 7012 7019 7026
7037 7098 7052 7067 7082
7099 7195 7123 7147 7171
