1 97 25 49 73
98 176 117 136 155
177 237 192 207 222
238 324 259 280 301
325 392 341 357 373
393 428 401 409 417
429 474 440 451 462
475 517 485 495 505
518 567 530 542 554
568 659 590 612 634
660 685 666 672 678
686 717 693 700 707
718 764 729 740 751
765 903 799 833 867
904 1020 933 962 991
1021 1108 1042 1063 1084
1109 1155 1120 1131 1142
1156 1224 1173 1190 1207
1225 1286 1240 1255 1270
1287 1337 1299 1311 1323
1338 1388 1350 1362 1374
1389 1481 1412 1435 1458
1482 1546 1498 1514 1530
1547 1702 1585 1623 1661
1703 1749 1714 1725 1736
1750 1779 1757 1764 1771
1780 1807 1786 1792 1798
1808 1828 1813 1818 1823
1829 1843 1832 1835 1838
1844 1869 1850 1856 1862
1870 1890 1875 1880 1885
1891 1918 1897 1903 1909
1919 1940 1924 1929 1934
1941 1967 1947 1953 1959
1968 2036 1985 2002 2019
2037 2129 2060 2083 2106
2130 2178 2142 2154 2166
2179 2278 2203 2227 2251
2279 2291 2282 2285 2288
2292 2305 2295 2298 2301
2306 2320 2309 2312 2315
2321 2337 2325 2329 2333
2338 2378 2348 2358 2368
2379 2435 2393 2407 2421
2436 2514 2455 2474 2493
2515 2527 2518 2521 2524
2528 2566 2537 2546 2555
2567 2594 2573 2579 2585
2595 2621 2601 2607 2613
2622 2650 2629 2636 2643
2651 2677 2657 2663 2669
2678 2752 2696 2714 2732
2753 2779 2759 2765 2771
2780 2839 2794 2808 2822
2840 2898 2854 2868 2882
2899 2929 2906 2913 2920
2930 2945 2933 2936 2939
2946 2961 2949 2952 2955
2962 2985 2967 2972 2977
2986 3011 2992 2998 3004
3012 3039 3018 3024 3030
3040 3083 3050 3060 3070
3084 3123 3093 3102 3111
3124 3154 3131 3138 3145
3155 3187 3163 3171 3179
3188 3211 3193 3198 3203
3212 3256 3223 3234 3245
3257 3287 3264 3271 3278
3288 3321 3296 3304 3312
3322 3366 3333 3344 3355
3367 3410 3377 3387 3397
3411 3462 3423 3435 3447
3463 3515 3476 3489 3502
3516 3549 3524 3532 3540
3550 3573 3555 3560 3565
3574 3615 3584 3594 3604
3616 3664 3628 3640 3652
3665 3728 3680 3695 3710
3729 3762 3737 3745 3753
3763 3786 3768 3773 3778
3787 3818 3794 3801 3808
3819 3839 3824 3829 3834
3840 3862 3845 3850 3855
3863 3907 3874 3885 3896
3908 3970 3923 3938 3953
3971 4209 4030 4089 4148
4210 4233 4215 4220 4225
4234 4277 4244 4254 4264
4278 4300 4283 4288 4293
4301 4323 4306 4311 4316
4324 4359 4332 4340 4348
4360 4380 4365 4370 4375
4381 4423 4391 4401 4411
4424 4453 4431 4438 4445
4454 4488 4462 4470 4478
4489 4540 4501 4513 4525
4541 4557 4545 4549 4553
4558 4582 4564 4570 4576
4583 4625 4593 4603 4613
4626 4651 4632 4638 4644
4652 4686 4660 4668 4676
4687 4730 4697 4707 4717
4731 4760 4738 4745 4752
4761 4787 4767 4773 4779
4788 4801 4791 4794 4797
4802 4825 4807 4812 4817
4826 4855 4833 4840 4847
4856 4878 4861 4866 4871
4879 4911 4887 4895 4903
4912 4954 4922 4932 4942
4955 4978 4960 4965 4970
4979 5001 4984 4989 4994
5002 5019 5006 5010 5014
5020 5036 5024 5028 5032
5037 5063 5043 5049 5055
5064 5081 5068 5072 5076
5082 5099 5086 5090 5094
5100 5128 5107 5114 5121
5129 5166 5138 5147 5156
5167 5216 5179 5191 5203
5217 5261 5228 5239 5250
5262 5326 5278 5294 5310
5327 5356 5334 5341 5348
5357 5426 5374 5391 5408
5427 5486 5441 5455 5469
5487 5587 5512 5537 5562
5588 5608 5593 5598 5603
5609 5642 5617 5625 5633
5643 5663 5648 5653 5658
5664 5685 5669 5674 5679
5686 5713 5692 5698 5704
5714 5751 5723 5732 5741
5752 5789 5761 5770 5779
5790 5822 5798 5806 5814
5823 5838 5826 5829 5832
5839 5877 5848 5857 5866
5878 5891 5881 5884 5887
5892 5912 5897 5902 5907
5913 5941 5920 5927 5934
5942 5959 5946 5950 5954
5960 5984 5966 5972 5978
5985 6004 5989 5993 5997
6005 6030 6011 6017 6023
6031 6055 6037 6043 6049
6056 6080 6062 6068 6074
6081 6114 6089 6097 6105
6115 6132 6119 6123 6127
6133 6154 6138 6143 6148
6155 6168 6158 6161 6164
6169 6213 6180 6191 6202
6214 6258 6225 6236 6247
6259 6303 6270 6281 6292
6304 6333 6311 6318 6325
6334 6358 6340 6346 6352
6359 6404 6370 6381 6392
6405 6433 6412 6419 6426
6434 6455 6439 6444 6449
6456 6488 6464 6472 6480
6489 6528 6498 6507 6516
6529 6611 6549 6569 6589
6612 6650 6621 6630 6639
6651 6675 6657 6663 6669
6676 6693 6680 6684 6688
6694 6724 6701 6708 6715
6725 6742 6729 6733 6737
6743 6773 6750 6757 6764
6774 6797 6779 6784 6789
6798 6822 6804 6810 6816
6823 6856 6831 6839 6847
6857 6874 6861 6865 6869
6875 6889 6878 6881 6884
6890 6922 6898 6906 6914
6923 6941 6927 6931 6935
6942 6974 6950 6958 6966
6975 6998 6980 6985 6990
6999 7012 7002 7005 7008
7013 7035 7018 7023 7028
7036 7053 7040 7044 7048
7054 7067 7057 7060 7063
7068 7157 7090 7112 7134
7158 7202 7169 7180 7191
7203 7227 7209 7215 7221
7228 7264 7237 7246 7255
7265 7314 7277 7289 7301
7315 7391 7334 7353 7372
7392 7424 7400 7408 7416
7425 7448 7430 7435 7440
7449 7466 7453 7457 7461
7467 7485 7471 7475 7479
7486 7517 7493 7500 7507
7518 7533 7521 7524 7527
7534 7579 7545 7556 7567
7580 7600 7585 7590 7595
7601 7625 7607 7613 7619
