1 7 2 3 4
8 419 110 212 314
420 649 477 534 591
650 844 698 746 794
845 1202 934 1023 1112
1203 1323 1233 1263 1293
1324 1465 1359 1394 1429
1466 1673 1517 1568 1619
1674 2370 1848 2022 2196
2371 2650 2440 2509 2578
2651 3055 2752 2853 2954
3056 3138 3076 3096 3116
3139 3243 3165 3191 3217
3244 3617 3337 3430 3523
3618 3718 3643 3668 3693
3719 6116 4318 4917 5516
6117 6525 6219 6321 6423
6526 6568 6536 6546 6556
6569 6624 6582 6595 6608
6625 7153 6757 6889 7021
7154 7275 7184 7214 7244
7276 7791 7404 7532 7660
7792 8383 7939 8086 8233
8384 8890 8510 8636 8762
8891 9780 9113 9335 9557
9781 10207 9887 9993 10099
